5
3
0 0 0
0 0 0
0 0 0
Izolowane wierzchołki. Klika (V:1, E:0).

3
0 1 3
6 0 1
2 2 0
Graf pełny. Klika (V:3, E:4).

8
0 0 1 0 1 0 0 0
0 0 0 0 0 0 8 0
0 0 0 6 2 1 0 0
0 0 7 0 1 1 0 0
0 0 1 1 0 1 0 0
0 0 1 1 8 0 0 0
0 0 0 0 0 1 0 0
0 2 0 0 5 0 0 0 
Widoczna klika (V:4, E:11) w grafie.

16
0 0 1 0 0 1 1 0 0 0 0 0 0 0 0 0
0 0 1 1 0 1 1 0 0 0 0 0 0 0 0 0
1 1 0 0 1 1 3 1 0 0 1 0 0 0 0 0
0 1 0 0 1 0 1 1 0 0 0 0 0 2 0 0
0 0 1 1 0 0 1 0 0 0 0 0 0 0 0 0
1 1 4 0 0 0 1 1 0 0 0 0 0 0 0 0
1 1 1 1 7 1 0 1 0 0 0 0 8 0 0 0
0 0 1 1 0 1 1 0 0 6 0 4 0 0 0 0
0 0 0 0 0 0 0 0 0 1 1 0 0 1 1 0
0 0 0 0 0 0 0 0 1 0 1 5 0 1 1 0
0 0 0 0 0 0 0 0 1 1 0 0 1 5 1 1
0 0 2 0 0 0 0 0 0 1 0 0 2 0 1 1
0 0 0 0 0 0 0 0 0 0 1 1 0 0 1 0
0 0 0 0 0 0 0 0 1 2 1 0 0 0 1 1
0 5 0 0 4 0 0 0 1 1 1 1 1 2 0 1
0 0 0 0 0 0 0 0 0 0 1 2 0 1 1 0
Schowana klika (V:5, E:10) w grafie.

12
0 5 5 5 0 0 0 0 0 0 0 0
5 0 5 5 0 0 0 0 0 0 0 0
5 5 0 5 0 0 0 0 0 0 0 0
5 5 5 0 0 0 0 0 0 0 0 0
0 0 0 0 0 9 9 9 0 0 0 0
0 0 0 0 9 0 9 9 0 0 0 0
0 0 0 0 9 9 0 9 0 0 0 0
0 0 0 0 9 9 9 0 0 0 0 0
0 0 0 0 0 0 0 0 0 8 9 9
0 0 0 0 0 0 0 0 9 0 9 9
0 0 0 0 0 0 0 0 9 9 0 9
0 0 0 0 0 0 0 0 9 9 9 0
Trzy kliki: (V:4, E:54) największa i (V:4, E:30) oraz (V:4, E:53) dla zmylenia.
